-2.081780512883213419e-03
-2.466244114918580976e-03
-2.611331560185448097e-03
-2.445034254316524880e-03
-2.768218403000233252e-03
-2.778116242154737847e-03
-2.566793694436242390e-03
-2.594593303060221956e-03
-2.602823355076111511e-03
-2.753117459388221278e-03
-2.498002411908117892e-03
-2.850415176808951401e-03
-2.594419071042963765e-03
-2.769767682039514511e-03
-2.820912808250142234e-03
-2.691875528213927282e-03
5.886063690882359367e-01
-2.699775192199993512e-03
-2.614526909757941553e-03
-2.622128697533199215e-03
-2.744385771364932225e-03
-2.607682713057002388e-03
-2.749316820635172576e-03
-2.838875385382522154e-03
-2.749259676942727992e-03
-2.840827254045663608e-03
-2.875668062483072163e-03
-2.779470683035967227e-03
-2.816735674203485473e-03
-2.876935458081320007e-03
-2.842311117433382606e-03
-2.866282727216784565e-03
-2.886638502888061453e-03
-2.850881091804424727e-03
-2.847813195947068721e-03
-2.681529841577656725e-03
-2.773723821842821735e-03
-2.800973836171394282e-03
-2.841658263198709733e-03
-2.854250168683236666e-03
-2.854971150583196504e-03
-2.581894837398124309e-03
-2.583627950896172365e-03
-2.777311422422101828e-03
-2.818516943774440620e-03
-2.835889450434336823e-03
-2.772340834875208770e-03
-2.842742030358280658e-03
1.187520115638054818e+00
1.668384101363150407e+00
1.980033095902228979e+00
2.046330008702278214e+00
2.059934115547687128e+00
2.075272042429682884e+00
2.093314385091962215e+00
2.109691869426516320e+00
2.123335497989766729e+00
2.138232126896647323e+00
2.155885203030833530e+00
2.171645269834874270e+00
2.184891799972968229e+00
2.203672461725225240e+00
2.220529763170875803e+00
2.238135041504198952e+00
2.255451071076168823e+00
2.270989091554458383e+00
2.288654003673451953e+00
2.308522932545586492e+00
2.325598644776604829e+00
2.344867121902520779e+00
2.363356484352424403e+00
2.378842710883500189e+00
2.397857398837952125e+00
2.418414800172261181e+00
2.435212169537316562e+00
2.452007790723037317e+00
2.488542933929366541e+00
2.506355618890171222e+00
2.525246067772294545e+00
2.541206235014760395e+00
2.562749839302811417e+00
2.573585593758462409e+00
2.587249868530783203e+00
2.600886144354246809e+00
2.614112376860502351e+00
2.624530327869237567e+00
2.638773761118507366e+00
2.655187740970911925e+00
2.665370082746532532e+00
2.682546760663971241e+00
2.694641128410440345e+00
2.711203420770218919e+00
2.725623909734928851e+00
2.741136602084110585e+00
2.761076266102561405e+00
2.773427353623837632e+00
2.789770496835400238e+00
2.805468243588252086e+00
2.823657010033083559e+00
2.838361597399166492e+00
2.856508076181461853e+00
2.875131755931115585e+00
2.892633993377879520e+00
2.909679046686287407e+00
2.927605851059672304e+00
2.947776277887243168e+00
2.962446541661170940e+00
2.980368493438372290e+00
3.001442214625516414e+00
3.020138999412470326e+00
3.041462426086411597e+00
3.058714066876685678e+00
3.077167776197017091e+00
3.103818652058832228e+00
3.117893059318845417e+00
3.138855094432777548e+00
3.162819945560443102e+00
3.180386070880214078e+00
3.204427077687443060e+00
3.220033002202825401e+00
3.257793711459500585e+00
3.284085865308068009e+00
3.295786531134497821e+00
3.314403524240045584e+00
3.336199536577689528e+00
3.359822562900351528e+00
3.379715507109301242e+00
3.411011169688169531e+00
3.425789710367251217e+00
3.452356290820297602e+00
3.472086511287052701e+00
3.495081961029663731e+00
3.518168718289107488e+00
3.541676506005908109e+00
3.567484680565939925e+00
3.591668991099098207e+00
3.611322760154695999e+00
3.636568299071141652e+00
3.657252970881467391e+00
3.683792046478334470e+00
3.707588914401949154e+00
3.730987661576886438e+00
3.758553813318862069e+00
3.782765463095174141e+00
3.801283278165140445e+00
3.827912307555628502e+00
3.849861484950597657e+00
3.875742642920350534e+00
3.899745977857381973e+00
3.924152867178781534e+00
3.948058118956151219e+00
3.974493155142782896e+00
3.999422075199106530e+00
4.029256092312078152e+00
4.052511714276173294e+00
4.074099580089628247e+00
4.103155637742895934e+00
4.134344552923870708e+00
4.155921198308984543e+00
4.181644276531899962e+00
4.209685443466529620e+00
4.235871456555209136e+00
4.257568127950726478e+00
4.285677344413930001e+00
4.313422788219487103e+00
4.340713114044783438e+00
4.371593758069870717e+00
4.394010680727244988e+00
4.421112149023931792e+00
4.444447073492110434e+00
4.475138632473282030e+00
4.497952175721597001e+00
4.527001697452654128e+00
4.554538517852734003e+00
4.579671422557400007e+00
4.608409605435705103e+00
4.635111788241392361e+00
4.661141958644927641e+00
4.687284641634862581e+00
4.713785703734011179e+00
4.741934428049495054e+00
4.768243048506807469e+00
4.797043490803845955e+00
4.821912629233587211e+00
4.851558704645738018e+00
4.882428334550684923e+00
4.909470670516750346e+00
4.931529810049330109e+00
4.959097222912202341e+00
4.988890882293588902e+00
5.022240613735725390e+00
5.043994985295039868e+00
5.074343603537501579e+00
5.103005624448327282e+00
5.132955372421468709e+00
5.159543492246076113e+00
5.185345376467740408e+00
5.217225972202825801e+00
5.244657143316088010e+00
5.271885524788238797e+00
5.300863282483181393e+00
5.328179872083227409e+00
5.358094632343398445e+00
5.386819830019513589e+00
5.414116045742034089e+00
5.443929218261637004e+00
5.468867061950762221e+00
5.497279721865291791e+00
5.545334263901079197e+00
5.567457747103187415e+00
5.591589743101396337e+00
5.622972349490950705e+00
5.652239784862109317e+00
5.680052556633587102e+00
5.708011877923233612e+00
5.738721727608973922e+00
5.765832131993954945e+00
5.795635007904982317e+00
5.824669841197238185e+00
5.853791641345040375e+00
5.881695935229259931e+00
5.911541791484182795e+00
5.940358658647060253e+00
5.970671536377876620e+00
6.003751448290998383e+00
6.028808872446445477e+00
6.063270625727213314e+00
6.097104000847407335e+00
6.120451389526426311e+00
6.147956201974624335e+00
6.175905367726343798e+00
6.207703035110785805e+00
6.233652879369568467e+00
6.266409133568846102e+00
6.296725082205272273e+00
6.326632176030795307e+00
6.350554820373396581e+00
6.382813551960783371e+00
6.410885167685863806e+00
6.444735578428947065e+00
6.474489023823817746e+00
6.501403125498637081e+00
6.534891451082760483e+00
6.559470814947697903e+00
6.589769741039294360e+00
6.619557864687426019e+00
6.650447704308476204e+00
6.683757297079814919e+00
6.709155910962834923e+00
6.734636649866345692e+00
6.764331232713189479e+00
6.795240260563346624e+00
6.823945838642462292e+00
6.854611148064496007e+00
6.891011017972314079e+00
6.916571534691275502e+00
6.947627462847243862e+00
6.983932538608581098e+00
7.012055232366098068e+00
7.038443740340859733e+00
7.068098787934641081e+00
7.100840970506283156e+00
7.129552620983467648e+00
7.158438803277041629e+00
7.191530583922521203e+00
7.220966453138117913e+00
7.248579573747104376e+00
7.280046031472926060e+00
7.309605364863005050e+00
7.340705736788162739e+00
7.368932233987838032e+00
7.401363294202438325e+00
7.431113221011500514e+00
7.457764216089739051e+00
7.489939096247393735e+00
7.517678647617868748e+00
7.548593709413847108e+00
7.578739042720144425e+00
7.608514382515082275e+00
7.639896479004439911e+00
7.675131410707727753e+00
7.703473110450541839e+00
7.747772644180543011e+00
7.769937128735691090e+00
7.799170005253021287e+00
7.828469171546256433e+00
7.862190488176942438e+00
7.888419764522588196e+00
7.923463541671228683e+00
7.949381314884737648e+00
7.977894932721065757e+00
8.009966867703059989e+00
8.040417872018570833e+00
8.071677404717792825e+00
8.100983020699160875e+00
8.130573473638719406e+00
8.161087654324290952e+00
8.191688457066472751e+00
8.220797446718506762e+00
8.251544665938173040e+00
8.282590487284522851e+00
8.315388978728519120e+00
8.343942117689667981e+00
8.374613954020730944e+00
8.407725756624980562e+00
8.440135903321339228e+00
8.467473100129872421e+00
8.498349904696064883e+00
8.528269465187293008e+00
8.557963996399131190e+00
8.589360229605780717e+00
8.619244616186183094e+00
8.650549795429203215e+00
8.677986143127922603e+00
8.714314272490387481e+00
8.743945685195189554e+00
8.773364920853248705e+00
8.804500915728628030e+00
8.833440026126364586e+00
8.863300569072414703e+00
8.892951060848057310e+00
8.925134222106406057e+00
8.955486351918917620e+00
8.984545384318369798e+00
9.013621085416847478e+00
9.045171432730443328e+00
9.074661218610543756e+00
9.106667661257695556e+00
9.134754279107553998e+00
9.168372813434361390e+00
9.199510514818381779e+00
9.226867548304266364e+00
9.259452646145437171e+00
9.290250772516758460e+00
9.323234002509696694e+00
9.351799774675560784e+00
9.382438943693550470e+00
9.414477938851085526e+00
9.446977908109374766e+00
9.479072651489548917e+00
9.504019394792139863e+00
9.539317405877895339e+00
9.571500613370503174e+00
9.600304516681115174e+00
9.630766514853643656e+00
9.662517467537171001e+00
9.693601206079046406e+00
9.726325146833129764e+00
9.754397017913168710e+00
9.787307940475102441e+00
9.819095180357633623e+00
9.848648300067731398e+00
9.882221729437468127e+00
9.910789036653634199e+00
9.939725130831330802e+00
9.971036934624081027e+00
1.000234443792218286e+01
1.003057215916179956e+01
1.006466864869069866e+01
1.011419617250008329e+01
1.013269780904794359e+01
1.016086816737502474e+01
1.019249807592793999e+01
1.022406901834358095e+01
1.025336134585782588e+01
1.028512665067487930e+01
1.031895601880982838e+01
1.035024461560831810e+01
1.037881703883800455e+01
1.040873599251081316e+01
1.043857680147643485e+01
1.047526587387288721e+01
1.050349207820808495e+01
1.053573877099369582e+01
1.056616352897760969e+01
1.059756413603167857e+01
1.062903590815473720e+01
1.065963012400793275e+01
1.068982134957811780e+01
1.071778838258234501e+01
1.075174875691773480e+01
1.077901916862279563e+01
1.081238545644298732e+01
1.083426276086651541e+01
1.086364313983703767e+01
1.089194669982031627e+01
1.092005863731617410e+01
1.094267565751878024e+01
1.097011491329231880e+01
1.099985240696136302e+01
1.104421625483807645e+01
1.105883039183460781e+01
1.108254980263643574e+01
1.111087499068236895e+01
1.113920105889497592e+01
1.116636773898233059e+01
1.118555011401975818e+01
1.121317735720436559e+01
1.124046943547106636e+01
1.128348280717407093e+01
1.129623894085887059e+01
1.132180839890210677e+01
1.134593721977835301e+01
1.137610427473797614e+01
1.140030862863220307e+01
1.142677846807213271e+01
1.145514434203151310e+01
1.148002631712104815e+01
1.150708748785899616e+01
1.153408043398121663e+01
1.156070378448982083e+01
1.158755136185163082e+01
1.161610517172153934e+01
1.164274478336396612e+01
1.166937720923212396e+01
1.169554978919206434e+01
1.172272706168374512e+01
1.175297934317967830e+01
1.177616479306971797e+01
1.180388067409765540e+01
1.183098226194974956e+01
1.185798484274940279e+01
1.188464179056462910e+01
1.191008756244691824e+01
1.193918383876773248e+01
1.196205453208812841e+01
1.199087259247147941e+01
1.201802098440373356e+01
1.204450907948630345e+01
1.207154128164501827e+01
1.209724787644535837e+01
1.212550604048660929e+01
1.215369169195696131e+01
1.218066207484989505e+01
1.220697023284789751e+01
1.223270296069309637e+01
1.226071280402037189e+01
1.228768698281861305e+01
1.231457698064931350e+01
1.234304141387802645e+01
1.236881056829804493e+01
1.239701504890182804e+01
1.242248394901055164e+01
1.245037409945198803e+01
1.247599644556348153e+01
1.250428179719518695e+01
1.253025678994662329e+01
1.256132682236777143e+01
1.260116728097309391e+01
1.262381289892821812e+01
1.264991621274318589e+01
1.267556239396823514e+01
1.270305951606522044e+01
1.273002865634126124e+01
1.275870521338024233e+01
1.278281343707339346e+01
1.281209563952298680e+01
1.283778481604276678e+01
1.288304656479714083e+01
1.290651290472853319e+01
1.292726852204360810e+01
1.294797997446275772e+01
1.295029959576898904e+01
1.298333045950109010e+01
1.302208912578380051e+01
1.305219438403793930e+01
1.308023914218151162e+01
1.310642577361501182e+01
1.313217674345828812e+01
1.316105737059878678e+01
1.318816932919767027e+01
1.322398116032112725e+01
1.325277639989072398e+01
1.327332682105011941e+01
1.329544785502621096e+01
1.330818054952834473e+01
1.332544726817668845e+01
1.336116248007008522e+01
1.339360170453984011e+01
1.342039246537024511e+01
1.344779254225665710e+01
1.347654311737836608e+01
1.350127279774366329e+01
1.352859719791281634e+01
1.355373488925472003e+01
1.357992313316971433e+01
1.360573414780428791e+01
1.363184862803736053e+01
1.365838242719975426e+01
1.368749705210494128e+01
1.371194197212561505e+01
1.374618755621605359e+01
1.377100029291975503e+01
1.379735565438499378e+01
1.382343692277785152e+01
1.384887436784047665e+01
1.387589491822097543e+01
1.390249652974052808e+01
1.392884122491465959e+01
1.395537326867769679e+01
1.398222543428027365e+01
1.400879953075341433e+01
1.403513517401781741e+01
1.406140534244062223e+01
1.408913931755255788e+01
1.411601655594569138e+01
1.414937347458647210e+01
1.417494043699383610e+01
1.419887545619950942e+01
1.422596145071709373e+01
1.426338884651744365e+01
1.428695815896595533e+01
1.431380021568831751e+01
1.434086436775760021e+01
1.436723446889037348e+01
1.439377324499900723e+01
1.442204190251801066e+01
1.444945857334131745e+01
1.447557908356826673e+01
1.450295661211113085e+01
1.452846007549199214e+01
1.455538439614711876e+01
1.458599915665660518e+01
1.461238753858842188e+01
1.464001065564432125e+01
1.466834585790302725e+01
1.469425517087706368e+01
1.472135550734624587e+01
1.474758283800348480e+01
1.477450105145040027e+01
1.480089405562403115e+01
1.482795522238337327e+01
1.485374032899159147e+01
1.488027306227585811e+01
1.490691500984922158e+01
1.493488523538096402e+01
1.496271359650715382e+01
1.499454161792456119e+01
1.502162161567361665e+01
1.504770991799740187e+01
1.507507499948986407e+01
1.510415840183059188e+01
1.512924713499113238e+01
1.515740104140654410e+01
1.518359756300809948e+01
1.520925412049790282e+01
1.523693707905840711e+01
1.526354782655532816e+01
1.528989836491270893e+01
1.531643977285726521e+01
1.534313697959068890e+01
1.536961141840503231e+01
1.539617673320169189e+01
5.000000000000000000e+02
