1.852288842201232910e-01
2.157602310180664062e-01
1.993111521005630493e-01
2.068209350109100342e-01
2.053951472043991089e-01
1.835237443447113037e-01
1.769651025533676147e-01
1.814576238393783569e-01
1.844564229249954224e-01
2.112971544265747070e-01
1.973735541105270386e-01
2.059029191732406616e-01
2.137310504913330078e-01
1.895660907030105591e-01
1.888420432806015015e-01
1.914930939674377441e-01
1.896355599164962769e-01
2.178955525159835815e-01
2.033075243234634399e-01
2.158098220825195312e-01
2.205216735601425171e-01
1.943218708038330078e-01
1.921966373920440674e-01
1.941298991441726685e-01
1.945294439792633057e-01
2.256171703338623047e-01
2.117371410131454468e-01
2.206409275531768799e-01
2.247665971517562866e-01
2.010287493467330933e-01
1.996775716543197632e-01
2.007160633802413940e-01
2.014515250921249390e-01
2.323546260595321655e-01
2.192488610744476318e-01
2.274039536714553833e-01
2.343614995479583740e-01
2.056461125612258911e-01
2.060426324605941772e-01
2.063513994216918945e-01
2.089228332042694092e-01
2.367437481880187988e-01
2.259620726108551025e-01
2.329994440078735352e-01
2.369471192359924316e-01
2.118037194013595581e-01
2.102790027856826782e-01
2.118365764617919922e-01
2.135215997695922852e-01
2.382661998271942139e-01
2.507419884204864502e-01
2.915044128894805908e-01
3.057622313499450684e-01
3.369260728359222412e-01
3.495633900165557861e-01
3.296918570995330811e-01
3.628139495849609375e-01
3.789947628974914551e-01
4.344778060913085938e-01
4.765171110630035400e-01
4.826409518718719482e-01
5.546498298645019531e-01
6.088669896125793457e-01
6.656607985496520996e-01
7.099114656448364258e-01
7.801815867424011230e-01
7.833906412124633789e-01
7.893337011337280273e-01
8.345943689346313477e-01
8.423137664794921875e-01
8.495211005210876465e-01
8.702945709228515625e-01
8.605589270591735840e-01
8.045757412910461426e-01
7.678704261779785156e-01
8.087186217308044434e-01
8.242043852806091309e-01
7.659303545951843262e-01
7.312794327735900879e-01
6.926470398902893066e-01
6.849925518035888672e-01
5.976721048355102539e-01
5.267390012741088867e-01
4.645664989948272705e-01
4.700367152690887451e-01
5.295609831809997559e-01
5.606706738471984863e-01
5.459921956062316895e-01
5.389445424079895020e-01
5.228933095932006836e-01
5.434765219688415527e-01
5.379376411437988281e-01
5.265972614288330078e-01
4.815527498722076416e-01
3.879778087139129639e-01
3.126127719879150391e-01
2.995021343231201172e-01
3.087968826293945312e-01
3.676919043064117432e-01
4.448456168174743652e-01
4.778698980808258057e-01
5.016811490058898926e-01
4.527839422225952148e-01
3.896887600421905518e-01
4.339697957038879395e-01
4.628078937530517578e-01
4.297732710838317871e-01
3.947363495826721191e-01
4.358929991722106934e-01
5.617755651473999023e-01
5.764306187629699707e-01
5.504803061485290527e-01
5.227825641632080078e-01
4.688867628574371338e-01
4.449790716171264648e-01
4.018683731555938721e-01
3.908737897872924805e-01
4.339312314987182617e-01
4.281290471553802490e-01
4.175814390182495117e-01
4.230594336986541748e-01
4.001543223857879639e-01
4.171680808067321777e-01
4.241121411323547363e-01
3.945924043655395508e-01
3.521713614463806152e-01
3.330392837524414062e-01
3.937315642833709717e-01
5.179551839828491211e-01
6.048979759216308594e-01
6.596366167068481445e-01
6.848359107971191406e-01
6.776369810104370117e-01
5.956696867942810059e-01
5.212130546569824219e-01
4.352801144123077393e-01
3.129476904869079590e-01
2.779769897460937500e-01
2.064364999532699585e-01
2.247145622968673706e-01
2.507020235061645508e-01
4.430536031723022461e-01
3.896631896495819092e-01
3.140091300010681152e-01
2.416368722915649414e-01
2.206803262233734131e-01
3.528175354003906250e-01
4.347458183765411377e-01
4.531259834766387939e-01
4.872335791587829590e-01
5.339816808700561523e-01
5.304760336875915527e-01
4.252781867980957031e-01
4.220110774040222168e-01
4.570080935955047607e-01
4.170950055122375488e-01
3.627642095088958740e-01
2.546596229076385498e-01
1.610166430473327637e-01
1.185633838176727295e-01
1.850816458463668823e-01
2.150426954030990601e-01
2.683837711811065674e-01
3.068594932556152344e-01
3.763961791992187500e-01
3.955104351043701172e-01
4.527735114097595215e-01
4.185777604579925537e-01
4.711646735668182373e-01
5.704262256622314453e-01
6.453709602355957031e-01
6.692077517509460449e-01
6.965142488479614258e-01
6.422818899154663086e-01
5.919785499572753906e-01
5.883355140686035156e-01
5.641778707504272461e-01
5.195179581642150879e-01
4.591968059539794922e-01
4.628319442272186279e-01
3.990511000156402588e-01
3.779043257236480713e-01
3.293253481388092041e-01
4.349077343940734863e-01
5.408040881156921387e-01
6.269888877868652344e-01
6.588048338890075684e-01
6.818831562995910645e-01
7.261111736297607422e-01
7.662881016731262207e-01
7.936357855796813965e-01
7.815495729446411133e-01
6.213631629943847656e-01
5.393170714378356934e-01
6.071797609329223633e-01
5.326730608940124512e-01
4.985336661338806152e-01
4.592461884021759033e-01
4.919026494026184082e-01
4.641964435577392578e-01
4.978226423263549805e-01
5.914549231529235840e-01
6.457638740539550781e-01
7.145262360572814941e-01
7.045492529869079590e-01
7.481997013092041016e-01
7.815015316009521484e-01
8.001328706741333008e-01
8.811269998550415039e-01
8.808045983314514160e-01
7.459701895713806152e-01
7.606875896453857422e-01
6.317736506462097168e-01
5.890013575553894043e-01
6.138576269149780273e-01
6.328485012054443359e-01
6.758518815040588379e-01
6.603245735168457031e-01
6.874806880950927734e-01
7.563885450363159180e-01
7.950782179832458496e-01
7.921400070190429688e-01
8.712564110755920410e-01
8.073933720588684082e-01
8.275709748268127441e-01
8.984594345092773438e-01
8.019031882286071777e-01
6.845291256904602051e-01
6.081112027168273926e-01
6.253414154052734375e-01
6.959704756736755371e-01
7.558459639549255371e-01
8.405963778495788574e-01
7.721611857414245605e-01
7.011795639991760254e-01
6.390391588211059570e-01
6.099268794059753418e-01
6.074060797691345215e-01
5.574442148208618164e-01
5.453945398330688477e-01
5.988566279411315918e-01
5.716601014137268066e-01
6.458709836006164551e-01
6.726782321929931641e-01
6.558073759078979492e-01
6.601392030715942383e-01
6.677734851837158203e-01
6.865780353546142578e-01
7.116739749908447266e-01
7.143766283988952637e-01
6.858215332031250000e-01
6.978969573974609375e-01
6.724089384078979492e-01
5.912781357765197754e-01
4.650804996490478516e-01
2.759911119937896729e-01
1.871899366378784180e-01
1.982662975788116455e-01
2.226060926914215088e-01
1.903139501810073853e-01
2.388515174388885498e-01
2.827112972736358643e-01
1.877565383911132812e-01
1.393373608589172363e-01
1.513867229223251343e-01
3.390877693891525269e-02
3.658445924520492554e-02
5.496315285563468933e-02
5.066167190670967102e-02
3.836911916732788086e-02
2.175956033170223236e-02
1.056239753961563110e-02
1.229749545454978943e-01
1.363706290721893311e-01
2.770847678184509277e-01
3.144744336605072021e-01
2.983570694923400879e-01
2.630331218242645264e-01
1.915876269340515137e-01
2.028819322586059570e-01
2.351689934730529785e-01
3.737218976020812988e-01
4.613711535930633545e-01
5.173416733741760254e-01
4.223340749740600586e-01
4.471350312232971191e-01
3.965028524398803711e-01
2.149402797222137451e-01
1.644358038902282715e-01
2.401812970638275146e-01
2.658772170543670654e-01
4.058888554573059082e-01
5.931776165962219238e-01
6.673135757446289062e-01
6.479434370994567871e-01
4.675685167312622070e-01
4.272155761718750000e-01
3.453763723373413086e-01
3.726751208305358887e-01
4.764921963214874268e-01
4.952353239059448242e-01
4.567097425460815430e-01
5.203038454055786133e-01
5.840862393379211426e-01
6.695785522460937500e-01
7.715470790863037109e-01
7.089700102806091309e-01
6.124226450920104980e-01
7.553461790084838867e-01
8.098157644271850586e-01
8.579227924346923828e-01
8.242268562316894531e-01
7.716950774192810059e-01
7.668731808662414551e-01
7.847975492477416992e-01
6.417992711067199707e-01
5.794572830200195312e-01
5.884242057800292969e-01
4.922930300235748291e-01
5.033400058746337891e-01
5.877504944801330566e-01
6.319412589073181152e-01
5.745632052421569824e-01
5.790241956710815430e-01
5.971372723579406738e-01
6.083479523658752441e-01
6.697578430175781250e-01
8.306962251663208008e-01
8.210621476173400879e-01
6.997572779655456543e-01
5.328748822212219238e-01
3.960719108581542969e-01
3.827786445617675781e-01
4.281834065914154053e-01
4.387151598930358887e-01
4.552771151065826416e-01
2.646211385726928711e-01
2.422341108322143555e-01
1.858471333980560303e-01
1.513449549674987793e-01
1.326705515384674072e-01
1.896827965974807739e-01
2.138139307498931885e-01
3.405917882919311523e-01
4.571707248687744141e-01
4.867075383663177490e-01
5.021904706954956055e-01
4.475304782390594482e-01
5.686527490615844727e-01
6.068997979164123535e-01
5.570447444915771484e-01
4.777059853076934814e-01
4.711460471153259277e-01
4.890689849853515625e-01
5.069994926452636719e-01
4.012993276119232178e-01
2.485429644584655762e-01
3.046718835830688477e-01
4.531303942203521729e-01
5.296456813812255859e-01
5.968807935714721680e-01
6.207571029663085938e-01
7.011784911155700684e-01
6.728861331939697266e-01
6.279788017272949219e-01
4.930223226547241211e-01
4.763804972171783447e-01
5.136638283729553223e-01
6.301211118698120117e-01
7.956033945083618164e-01
7.655295133590698242e-01
7.235451340675354004e-01
6.560580134391784668e-01
6.319574117660522461e-01
7.618078589439392090e-01
7.856767177581787109e-01
7.902966737747192383e-01
6.962707042694091797e-01
6.082666516304016113e-01
5.535331964492797852e-01
4.616253972053527832e-01
3.529401123523712158e-01
4.815964400768280029e-01
5.677403807640075684e-01
6.517667174339294434e-01
7.445728182792663574e-01
7.313773036003112793e-01
6.448360681533813477e-01
8.352614641189575195e-01
9.382762312889099121e-01
1.076726913452148438e+00
1.063389420509338379e+00
8.441864848136901855e-01
9.902931451797485352e-01
1.145324110984802246e+00
1.260986447334289551e+00
1.201888918876647949e+00
1.163256883621215820e+00
1.192741870880126953e+00
1.165108084678649902e+00
1.093844771385192871e+00
9.729840755462646484e-01
9.334064722061157227e-01
9.801788926124572754e-01
1.034319758415222168e+00
8.818064928054809570e-01
9.544163346290588379e-01
9.050068855285644531e-01
8.592331409454345703e-01
9.621716141700744629e-01
1.005274772644042969e+00
1.063601374626159668e+00
1.137121200561523438e+00
1.008422851562500000e+00
8.818026185035705566e-01
8.135671615600585938e-01
7.105776071548461914e-01
6.184136867523193359e-01
6.996020674705505371e-01
8.550270795822143555e-01
8.589080572128295898e-01
8.313155770301818848e-01
7.732853293418884277e-01
7.973201870918273926e-01
8.667523860931396484e-01
8.923776149749755859e-01
8.500298261642456055e-01
8.608679771423339844e-01
8.350573778152465820e-01
7.658669352531433105e-01
7.034850120544433594e-01
6.918087005615234375e-01
6.705431938171386719e-01
6.292877793312072754e-01
6.116619110107421875e-01
6.120003461837768555e-01
6.052511334419250488e-01
6.082565188407897949e-01
5.942817926406860352e-01
6.182223558425903320e-01
6.521114110946655273e-01
7.235337495803833008e-01
6.854236721992492676e-01
6.223482489585876465e-01
6.005657911300659180e-01
5.701819062232971191e-01
5.370458364486694336e-01
5.873842239379882812e-01
5.323209166526794434e-01
4.957031607627868652e-01
4.623199403285980225e-01
3.972668945789337158e-01
3.829316198825836182e-01
3.869952261447906494e-01
3.417849242687225342e-01
3.422461450099945068e-01
4.552114605903625488e-01
6.227881908416748047e-01
7.200641036033630371e-01
6.698738336563110352e-01
6.418082118034362793e-01
5.629408955574035645e-01
4.739569425582885742e-01
3.718313574790954590e-01
1.290486305952072144e-01
4.755732789635658264e-02
5.860613286495208740e-02
9.966443479061126709e-02
1.013182327151298523e-01
1.172780916094779968e-01
1.840070188045501709e-01
2.407205849885940552e-01
1.983746588230133057e-01
2.203031480312347412e-01
2.215253114700317383e-01
1.468880772590637207e-01
1.562366336584091187e-01
2.934991121292114258e-01
3.805940747261047363e-01
3.718228042125701904e-01
4.376443326473236084e-01
3.755874335765838623e-01
3.860044777393341064e-01
4.969933927059173584e-01
5.087781548500061035e-01
4.267316162586212158e-01
4.495131075382232666e-01
4.863936007022857666e-01
4.871293008327484131e-01
5.952288508415222168e-01
5.688431859016418457e-01
4.605113267898559570e-01
3.778271675109863281e-01
3.301602602005004883e-01
3.371740877628326416e-01
3.290051221847534180e-01
3.270047605037689209e-01
3.020752370357513428e-01
2.276350855827331543e-01
1.472422927618026733e-01
6.228964403271675110e-02
2.897828444838523865e-02
8.686581999063491821e-02
7.313053309917449951e-02
1.473054587841033936e-01
1.961032897233963013e-01
2.316636294126510620e-01
4.332080483436584473e-01
4.384872317314147949e-01
5.600684285163879395e-01
6.652128696441650391e-01
5.207095146179199219e-01
3.295328021049499512e-01
3.052231073379516602e-01
2.047626674175262451e-01
3.263343125581741333e-02
1.839634589850902557e-02
8.568170666694641113e-02
8.717971295118331909e-02
9.703217446804046631e-02
9.141931682825088501e-02
8.871570229530334473e-02
8.323798328638076782e-02
1.531967073678970337e-01
2.197855412960052490e-01
1.918276548385620117e-01
1.270845383405685425e-01
6.389746069908142090e-02
-3.554174304008483887e-02
-7.311871647834777832e-02
-1.159249916672706604e-01
-2.046166360378265381e-01
-2.799177467823028564e-01
-3.836557865142822266e-01
-4.636943340301513672e-01
-4.690039753913879395e-01
-4.507798254489898682e-01
-4.971014261245727539e-01
-4.299298524856567383e-01
-3.621247112751007080e-01
-3.527466058731079102e-01
-3.184663057327270508e-01
-3.000203967094421387e-01
-2.532771527767181396e-01
-1.559866070747375488e-01
-8.769896626472473145e-02
6.455034017562866211e-03
2.673903852701187134e-02
1.853195577859878540e-02
6.972790509462356567e-02
1.170495972037315369e-01
8.866656571626663208e-02
8.477175235748291016e-02
1.408664733171463013e-01
